10 7
14 14
7 7
17 7
14 14
17 9
10 4
3 7
16 16
8 1
4 4
2 2
6 6
9 2
4 4
5 2
4 4
9 9
7 7
7 7
8 8
14 14
13 13
12 7
11 10
8 8
17 17
1 1
16 16
13 13
14 9
4 4
16 7
16 16
5 5
9 9
4 10
13 13
10 10
5 5
17 17
6 6
1 1
8 8
6 6
14 14
7 15
4 9
16 16
6 6
16 7
5 5
10 10
6 13
7 7
10 10
9 17
4 4
10 10
11 3
4 4
9 9
10 10
17 10
2 2
6 6
4 4
7 15
12 12
16 13
4 16
8 10
8 8
9 9
10 10
1 1
14 14
16 16
6 16
14 14
7 8
17 1
16 16
8 8
3 12
7 1
9 9
12 12
9 9
4 1
1 1
1 1
12 4
13 13
13 16
10 3
8 8
2 2
1 1
13 13
9 12
5 13
8 11
12 3
17 17
1 8
16 6
16 16
8 8
17 17
6 6
7 7
16 16
3 7
15 15
5 5
15 15
7 9
14 14
11 11
9 9
16 16
15 15
1 1
13 13
17 17
8 8
7 5
12 12
2 2
10 10
15 15
7 7
7 9
3 3
8 8
1 1
1 1
17 17
10 10
7 3
6 6
9 9
1 1
6 4
3 12
4 4
6 6
4 7
15 15
16 16
7 7
7 11
1 1
11 15
13 13
11 11
1 1
13 6
6 6
8 8
1 1
14 14
12 6
11 7
13 14
4 4
2 2
7 5
7 3
4 15
6 6
5 5
7 7
6 5
14 14
2 2
3 8
4 4
17 17
1 4
7 13
7 1
16 16
16 13
8 8
15 16
16 15
8 8
4 14
10 10
9 8
6 16
6 11
15 15
12 12
2 2
8 8
9 5
17 9
14 7
9 9
7 12
14 14
1 1
4 15
9 9
7 1
1 4
9 15
9 9
4 8
4 1
13 13
5 5
16 16
11 11
7 7
3 11
6 16
16 16
16 6
12 15
6 6
8 9
13 5
6 6
1 1
9 17
10 4
7 7
13 13
16 16
8 4
14 3
13 13
12 3
15 15
1 1
13 13
7 7
9 4
14 14
14 14
2 2
14 14
10 16
1 1
1 1
13 16
7 7
11 5
11 11
16 4
8 8
4 16
8 11
6 6
12 7
1 8
7 7
14 14
13 13
9 1
16 16
5 5
10 10
16 1
13 13
6 3
9 9
14 14
6 6
4 16
16 16
1 1
10 8
8 8
8 8
10 9
9 3
16 6
16 10
10 10
11 11
8 8
5 5
11 11
10 10
1 1
4 4
10 10
11 9
14 14
8 8
11 11
1 10
16 1
13 13
9 9
16 3
1 1
13 13
14 14
6 6
7 3
7 7
8 5
17 17
1 17
3 3
5 5
3 11
8 6
7 7
1 1
17 17
13 13
9 9
4 16
14 14
6 6
10 16
17 17
17 17
16 16
1 10
16 6
1 1
11 12
1 6
1 1
10 10
1 1
4 4
1 1
14 14
15 15
15 9
8 7
16 16
7 12
1 1
3 17
1 7
12 7
6 6
6 6
10 15
6 6
2 9
7 7
16 16
3 7
13 13
5 5
8 8
14 14
16 1
14 14
10 10
1 1
10 17
16 1
11 14
1 16
7 13
8 8
2 10
8 8
13 13
6 15
4 10
3 14
6 6
10 10
1 1
8 8
16 6
6 6
17 17
4 4
9 9
1 1
16 13
9 9
5 5
10 10
3 14
14 14
10 10
4 9
4 6
13 15
5 5
1 1
10 10
3 3
17 9
14 14
1 8
11 11
11 11
11 10
1 17
10 10
12 13
12 3
17 17
12 12
6 6
5 5
8 8
8 4
11 11
10 10
3 3
1 9
12 15
6 8
1 7
6 6
17 17
1 1
11 11
15 15
8 8
11 11
11 5
15 15
7 4
10 10
10 10
7 13
7 11
14 14
17 17
6 6
6 6
1 1
7 13
17 17
6 6
10 10
7 7
5 15
14 9
14 14
12 12
5 5
4 16
6 6
15 15
8 8
9 12
14 5
6 6
4 4
16 16
2 2
13 13
14 8
4 14
5 5
3 3
2 2
9 9
14 14
6 6
10 10
11 11
16 13
15 15
1 1
9 10
9 9
7 7
10 10
16 16
1 1
7 13
2 5
9 9
14 14
4 7
8 13
6 4
16 16
5 5
12 7
6 6
15 15
6 15
16 16
8 8
7 7
17 17
9 9
3 3
8 8
16 16
4 4
12 6
17 17
8 8
3 3
16 4
11 11
1 1
6 12
9 10
13 13
12 3
17 1
16 16
3 3
11 11
8 8
8 8
4 9
1 1
8 8
17 17
4 4
11 5
4 1
16 16
11 11
1 1
15 3
8 11
16 7
16 16
8 8
9 8
9 4
16 3
4 4
14 11
12 12
8 8
8 1
3 13
7 7
15 15
8 8
12 12
11 5
17 8
16 15
17 17
17 4
8 8
6 6
4 4
5 5
14 1
17 10
16 16
10 9
16 16
17 17
7 13
2 5
9 9
8 8
2 2
11 11
14 1
15 15
10 10
7 4
10 3
12 5
11 11
12 1
9 9
9 17
8 3
2 8
7 3
1 1
1 15
7 7
15 15
16 16
4 4
14 14
4 16
8 8
9 9
10 5
16 6
11 8
7 7
10 10
1 1
6 6
12 9
15 15
11 11
1 11
6 17
10 10
8 7
7 7
4 4
1 1
13 13
17 17
1 1
7 5
16 13
2 2
1 1
4 4
13 13
16 16
6 6
6 6
16 16
1 4
7 7
16 4
10 7
10 10
6 15
7 3
6 12
13 13
10 10
5 9
15 15
3 3
17 17
7 3
15 15
6 7
12 11
6 6
10 10
2 2
4 16
11 9
12 12
10 9
13 13
10 5
13 15
13 13
16 16
5 5
3 3
6 6
1 8
12 3
2 2
1 1
6 6
8 8
4 4
16 16
16 15
1 1
1 11
1 17
2 1
7 13
2 14
2 2
6 6
10 9
9 9
16 16
13 13
10 10
5 5
2 2
13 16
7 7
1 1
10 10
11 11
5 5
16 13
16 16
5 5
16 16
3 12
11 5
3 12
11 1
7 7
14 1
7 7
12 12
16 6
1 1
14 14
7 9
6 16
4 15
5 5
2 2
9 9
14 14
11 12
10 10
5 5
17 17
1 1
17 17
15 15
14 12
13 12
10 16
12 12
4 6
14 10
7 6
5 16
11 3
11 11
11 11
10 10
4 10
15 15
11 11
17 13
2 2
6 6
17 10
4 4
10 10
5 5
14 17
16 16
10 10
14 14
3 16
16 6
7 7
9 9
11 11
16 15
14 14
11 9
9 9
9 9
17 9
14 12
13 13
1 17
1 1
3 3
7 3
9 9
8 8
16 16
17 17
14 4
5 5
14 16
9 13
16 7
5 5
9 15
5 10
10 10
9 9
4 15
16 4
15 15
4 9
14 14
13 13
7 7
1 5
16 16
11 3
3 13
5 5
8 9
11 11
11 16
9 6
4 4
3 3
9 9
7 4
5 13
16 6
1 1
14 8
9 4
12 12
5 5
9 8
11 12
11 12
8 8
14 14
1 1
16 4
5 5
6 6
14 14
8 8
14 14
8 17
10 10
14 14
10 8
8 8
6 6
14 16
3 1
13 13
17 17
1 1
9 12
12 7
15 10
1 1
11 11
10 10
14 17
1 16
13 12
10 10
14 4
15 15
6 6
14 14
11 11
14 5
3 12
17 17
17 17
6 6
6 9
1 1
10 10
3 7
8 8
3 3
1 1
1 1
13 13
5 5
14 14
1 1
1 1
6 6
8 8
4 4
17 17
12 12
17 17
16 16
16 16
9 9
13 13
9 17
6 6
5 5
4 4
11 11
16 16
12 11
2 2
8 7
10 10
17 17
12 3
7 10
6 6
3 13
13 13
13 13
4 16
8 8
2 2
16 15
13 13
8 8
10 4
1 15
14 5
13 13
3 12
14 12
3 7
16 4
6 6
13 13
14 14
14 14
3 3
16 6
16 8
10 10
14 14
7 4
1 13
6 15
4 13
16 5
10 10
13 3
12 14
16 11
6 6
15 12
17 12
10 3
11 11
6 4
6 6
5 13
11 11
1 17
9 9
15 15
17 17
7 5
9 9
10 4
5 5
7 15
13 10
3 7
15 4
8 8
14 16
3 3
4 4
16 16
10 10
10 8
1 1
7 3
8 4
14 14
16 16
7 3
1 1
6 12
1 1
9 4
1 1
14 14
12 10
9 9
10 10
6 6
1 14
12 3
3 3
14 14
17 17
8 12
14 14
13 6
15 15
9 8
1 1
14 14
8 8
11 11
1 1
3 3
7 10
16 16
2 2
3 15
17 17
8 8
10 3
5 5
15 16
5 5
6 14
9 9
7 16
6 6
15 15
3 3
1 1
10 10
13 16
1 1
1 1
15 7
14 14
13 13
9 9
17 17
13 13
6 6
13 13
9 9
8 8
10 10
13 13
8 8
13 3
4 4
3 12
1 1
1 1
1 1
13 4
16 1
4 1
12 12
13 16
6 9
9 9
8 8
13 13
5 5
10 10
5 5
1 1
16 6
5 5
10 2
9 9
8 8
2 2
15 4
8 7
10 10
6 6
5 8
11 12
16 4
10 9
9 15
10 10
8 7
5 5
4 4
10 10
16 16
5 5
16 16
14 14
8 5
8 8
2 2
2 2
9 9
8 8
9 17
10 10
6 6
4 10
8 11
16 6
16 7
9 4
8 9
1 1
5 5
15 3
10 4
16 16
17 1
6 10
10 10
8 17
4 2
12 7
12 12
3 11
12 3
11 11
6 6
8 8
4 4
8 8
1 8
13 7
10 10
16 4
9 9
15 15
17 17
6 15
6 6
4 5
11 11
8 9
11 13
3 3
13 13
9 17
10 4
11 15
2 8
5 5
16 1
1 1
12 5
10 10
11 8
10 10
13 13
17 8
8 8
13 13
17 9
3 11
4 16
1 1
13 13
16 16
8 16
15 15
6 6
9 9
11 7
9 9
6 6
2 2
9 17
8 8
3 9
6 6
16 16
17 17
2 2
16 9
5 9
1 3
2 2
11 11
14 14
15 16
16 10
15 13
16 2
4 4
4 16
14 14
7 7
10 14
8 16
2 2
4 17
16 7
2 2
12 14
8 8
17 17
8 8
13 13
5 5
7 7
6 6
1 1
6 9
5 3
10 10
1 1
5 5
5 5
14 14
1 1
8 3
4 3
5 5
16 16
7 7
7 7
15 15
8 14
2 2
7 16
1 9
4 4
3 9
1 1
5 5
1 1
1 1
11 11
4 16
8 15
11 17
10 10
1 1
16 16
10 10
6 6
5 11
16 9
16 16
2 2
7 11
16 16
4 3
12 3
16 6
3 3
10 10
11 11
11 11
14 11
8 10
9 9
8 8
8 8
1 1
16 16
1 1
17 3
5 5
16 16
10 1
7 3
17 17
16 15
17 17
8 16
9 9
7 7
3 3
15 15
1 1
14 14
1 1
10 10
13 16
2 10
16 6
16 16
10 9
17 17
16 16
16 16
9 8
14 14
9 9
7 15
12 14
13 3
9 8
3 3
10 10
10 10
8 5
6 8
1 10
11 5
3 3
17 17
9 9
10 16
16 6
9 17
16 16
14 14
7 7
11 11
11 10
1 1
12 12
4 4
11 12
16 16
13 15
15 15
8 8
14 12
12 10
6 13
14 14
13 8
16 16
7 3
15 3
9 9
17 17
14 14
3 15
1 1
10 1
1 1
3 3
16 16
9 9
1 1
13 16
14 13
15 4
7 17
6 10
2 2
8 8
1 1
14 14
6 6
7 7
3 7
5 5
7 7
5 5
4 4
15 16
14 14
6 16
6 6
1 1
1 1
17 17
10 10
9 10
14 14
2 2
8 8
9 9
7 15
10 10
13 13
15 10
7 7
1 1
9 9
10 4
8 5
2 2
1 1
11 11
16 6
8 8
7 7
8 16
16 16
12 9
11 13
14 14
5 16
17 16
5 5
4 16
3 12
8 8
11 11
11 11
13 13
10 10
16 15
10 10
13 13
13 7
16 13
1 1
4 10
14 14
1 13
7 7
15 15
4 1
17 17
7 7
1 1
2 2
4 9
11 11
4 4
10 10
16 11
10 16
13 7
17 8
17 17
14 14
9 9
5 5
8 3
7 7
7 15
17 17
7 7
8 8
14 14
8 17
13 13
17 17
1 1
1 1
10 10
4 4
13 13
4 10
14 14
4 4
13 13
8 8
10 10
3 3
7 9
10 5
16 4
10 10
17 17
7 7
7 4
9 9
13 13
9 10
11 11
13 16
4 5
17 17
10 10
16 6
6 6
15 15
16 12
2 2
17 9
16 4
14 14
3 3
5 5
1 6
9 9
5 16
